-40.914430141134815,-62.80526394311288,15750.190818337871
-40.61768786587406,-63.132476811816076,13331.33659029261
-40.65144205592136,-63.01528556022667,13674.535959225623
-37.64978294995451,-63.16515573137357,12172.10716420007
-37.863827945053856,-61.32077995066035,11308.697170781674
-38.13889347091946,-60.7692319053208,11313.589601625934
-38.35448780133643,-62.199935824598505,10678.991470212224
-40.58192624473403,-63.2482837101156,12596.399030459388
-36.17803078574225,-58.21373309457239,8941.4739005141
-36.615017946334376,-59.40760912426421,11360.056186500475
-37.50323015639152,-62.869069818834404,11749.947187520616
-39.865652007147816,-62.976458869716566,12453.229045762271
-36.21357684125328,-59.044921465013914,11071.742443462772
-40.506100851717946,-62.88616060822363,10892.929906001438
-37.62183098661069,-60.48613042044752,11348.621238474463
-33.802315213193765,-60.19235673926573,11607.685546416433
-35.75445031340868,-62.55948274913328,9526.286891839663
-38.61403791096296,-59.384962057977404,10920.14352733531
-36.60791959892279,-60.00727698087787,12273.99015764522
-37.32235039666544,-57.43790725351668,7968.9455800111955
-36.477009185286484,-63.18253891070152,10928.357564379094
-35.41473916120903,-57.34879663132262,12687.817835189577
-37.04191939157262,-62.61005926620594,11278.164865290999
-34.259928474470314,-61.561094597212616,9185.280835058044
-33.79306579938457,-59.672286939285556,12943.538221833984
-34.55691757163593,-58.819151527517874,12385.021482597775
-36.60664304164826,-59.85354523865295,12100.66474992714
-36.779472792439606,-60.172883887224515,12115.503664555114
-36.08526273993601,-58.52226055360363,7469.311800597572
-37.13901686492749,-57.695998265160355,8686.638022852303
-39.849263883879075,-63.10529987243089,12386.197787055802
-34.72864446433884,-60.299013986801654,13679.536406281122
-39.12195161793969,-63.110172127167516,11047.61094211666
-37.206589676580464,-59.32861278843239,10630.638598357982
-37.22638598537357,-59.61225386081854,11013.087962525886
-33.823390439958445,-60.97023054411787,11187.675065648176
-36.38882656551526,-58.08747303975858,8774.996240478842
-34.416153647409885,-58.841462972509376,11302.521088797028
-35.10033443417877,-62.76305790548428,10974.958772016686
-38.4032089729334,-60.21703365762608,11090.96163517538
-38.624726025899264,-62.29343866972937,10249.87455358504
-34.5859936134561,-58.566736458124005,7377.569535212892
-36.60809560873342,-62.768112094777365,11028.303030221155
-35.020671286140654,-61.34055290124313,9943.492784603968
-34.04305942186954,-61.16016133472883,9596.257793022798
-36.01560286183116,-57.34122518476181,5970.044329747542
-37.868578489303026,-57.56758631033277,10708.8765398482
-36.76677646983708,-58.872655689832236,10004.58441033319
-36.0219875100302,-57.42806918536836,8281.595028888063
-36.02641657662648,-57.63725819384287,8951.899455816003
-37.99619937208247,-62.78984933650251,13677.918409775326
-36.908338367797384,-59.16155985955378,10536.873552343503
-37.914718728392224,-57.67761209540352,11810.881864958821
-37.351918678982656,-63.025016281758596,11872.974916736463
-34.506013993097596,-61.73050507564012,8578.973557984355
-39.69758299690945,-63.1076875746825,11421.361914647005
-35.72335985985636,-60.06541793302242,14899.32502538645
-37.73964518128203,-57.453068847298354,5757.399585322293
-37.05854035099564,-59.31607229100358,10705.724916824733
-38.51072772129629,-59.80088247984742,10940.763651687479
-39.53777858206222,-63.23066663549355,11301.397030779104
-34.014700028949406,-60.97359656646928,10024.800597487581
-35.24252401244712,-62.78004132980949,10250.305730563865
-33.93272149021894,-61.05905975165322,9260.914653711121
-35.90447734610164,-60.26324874674099,14668.171963010624
-38.65404960704922,-59.66462606957273,10919.438004072419
-35.46193301780065,-62.15460803087238,12731.810783813287
-35.81985788790241,-58.90644405002121,10087.614949790443
-40.499991466992014,-62.21692875325381,8603.836904874195
-34.06455865781308,-59.85280361478358,14625.208986785863
-40.68126091992873,-62.89482054350443,11164.616213633277
-35.83945403621806,-58.26426302431997,10757.526749363067
-34.40070869472835,-60.447321466198524,16088.598477943313
-37.89893309285949,-61.85497947299616,11200.608379280111
-37.36848748441331,-59.48012349476111,10760.931675827786
-34.04896367299939,-58.47739997906736,11319.458567704743
-36.75678877033639,-58.47868856929888,9237.007080839774
-36.55687200097839,-57.53521406456694,9998.951036069817
-33.884248304496154,-60.0829002638849,12418.083371199144
-38.996471362205824,-62.99129859423495,10809.062289420393
-37.963974385636746,-57.797509192333905,7459.968339118767
-35.00489853065635,-57.90076697460955,9989.217938534986
-36.84519296978254,-58.091634201362254,8944.276660225625
-39.68379118647135,-63.23053366931163,11508.408008184024
-37.23131815839676,-57.56486018712722,8269.450476505193
-33.77142011284701,-60.8204474104688,9288.44028731186
-37.300218728435816,-57.26901108151216,8306.673549093997
-40.36494500630292,-62.22407565525602,9073.604149511104
-37.08827634533846,-59.89183175519591,11448.271820247855
-36.29678382730226,-60.81388320726365,14314.444269874955
-38.064686408200615,-58.43252398803156,8982.782975444436
-36.26943565949334,-57.97014863924957,8826.43412963808
-37.327616292064306,-60.77535657022647,11492.795347571402
-33.9555817064561,-61.23960164697761,9329.652765984518
-38.49250861179229,-62.30728150022363,10334.124996778117
-34.90632539723187,-58.81087465463517,11084.050720643976
-37.31437468017788,-58.924490718137235,9925.575666039325
-37.3030413610167,-57.99125774273847,8517.094757237166
-36.0420907929997,-62.922682193537526,10683.478290461911
-34.205400050325544,-60.176098307059945,14724.616255893976
-38.88545472540038,-62.270039295409795,11204.304262195707
-38.33014064453115,-61.045227609959916,12746.04780908134
-35.350068437590195,-63.04978298100673,11215.362602297157
-38.38981163596885,-62.88191588717848,7735.9911557144105
-35.26698998649053,-58.927449037488145,11828.537601657254
-37.08251547680845,-61.364857210194245,11002.910316936019
-33.74926435260656,-61.03813742520222,7278.357255830388
-38.6694918237684,-61.053678128792335,13280.156992563467
-36.30461859895437,-62.50714744344246,11031.211190341473
-40.30581919737374,-63.12104614572017,11996.761260247506
-36.97885322218852,-58.23245256772391,8982.712698430681
-34.450669772201856,-61.02500895224473,10461.022421175016
-37.88314814386608,-61.58980961206587,11265.987643264096
-34.35680912813305,-61.671684956084405,11220.605305470652
-37.204095960785196,-63.17512129230429,11541.850115121875
-38.87301414407579,-62.87428138898464,10460.802482663827
-37.50655940265524,-59.348838004683685,10540.059033585307
-38.26401834650301,-58.56640131936172,9505.320889171242
-34.20088864217931,-59.956455429310026,15794.606970474368
-38.6413610218079,-62.05648048640757,11117.88523599379
-35.21961615682059,-58.27799663165922,10109.395581475683
-38.88533354104165,-61.598075333323855,13785.894032230202
-37.35146294545775,-63.17251383304514,11783.936807251474
-33.907879240910574,-60.51415411501855,9146.835860163124
-39.39320894076806,-63.23055738890068,11199.965607439895
-40.428811884883046,-63.243591480537276,12392.19435652978
-37.05342643949748,-56.93710500885127,11717.415795623041
-38.14832655866434,-59.51360709876617,10756.245719530396
-36.98324183133404,-60.634211169748134,11898.221884425424
-35.60860843402699,-59.49551628187387,13868.80246125026
-37.07213543889343,-57.18512304230774,9909.504167148574
-34.684863161359864,-58.33012954398403,9379.630510357692
-35.24531177695134,-58.69760372758007,10877.044962355165
-37.67277619874096,-58.02718908185379,8154.709357342024
-33.85160137479146,-61.13620957488503,11591.417499406154
-40.219245338328875,-62.69597369393603,10482.514114025094
-40.458330787800016,-63.12576397795421,12557.940900141735
-38.62548017829298,-62.4143179453627,10089.907508129041
-36.79657971023623,-57.67106158305974,9269.09907874478
-38.07714975683548,-60.210282771364945,11125.725632237845
-36.357421367065264,-57.708408648827366,9160.566024435033
-35.33228740158948,-60.20630221130275,17186.282203115847
-34.84712091828767,-58.50048153405376,9493.770839829036
-36.05866945777999,-58.105200509023945,9093.99352392453
-36.92314942062674,-59.73371298113419,11461.471916425855
-35.799609490974674,-57.650308177200635,9269.625786336564
-35.68699901723184,-58.09137288171071,13141.897084255414
-35.799309322336164,-57.77712947271505,10038.40699115867
-37.44434410062192,-61.88911342148347,11131.617940909855
-37.20287604980519,-63.03011985934436,11594.854996443524
-36.191893682407475,-63.31806334916287,10882.712466458808
-33.6178952428048,-60.24111474698626,10007.802276063385
-36.3716364861482,-61.16843594337666,17050.139978707895
-33.539669425566615,-60.367195522373535,10067.360606016198
-37.9692612428007,-59.36966256207142,10583.80948302675
-36.60229618604603,-57.954336373453046,8984.26065968859
-34.30668509574895,-60.30334002776085,15412.374165309495
-36.240383562696515,-57.601305329877924,9333.566771812883
-37.26409213708376,-58.51889935692918,9250.627223270389
-35.280722948776706,-57.96902672921374,9709.333588262767
-35.62626028412731,-58.44635299395149,10663.436176492543
-37.80038531866821,-63.161138822350104,12358.192384564938
-38.45434930535077,-60.63543233307305,11265.560398879177
-34.90571417732054,-63.169242626427085,11752.75746232535
-35.711429182098506,-59.17925671649717,11829.748969951257
-40.279184227904466,-63.239887601316475,12040.571853624519
-34.40705241493235,-58.72627690575561,9831.808491053192
-35.68125603795748,-57.52858129185114,8920.882477168534
-38.02479633321434,-58.82654737901636,9885.98979427185
-38.03227781936344,-61.45044825060661,11352.394326890111
-35.82270887277002,-59.38828651513546,12888.781163998405
-35.98964653368421,-58.83774072381793,9789.61503482524
-34.847235724553215,-61.84484168213673,12110.541618799034
-40.338591995268274,-62.66613251600032,10747.926387404372
-37.692973525496654,-61.1891458442138,11294.105800356576
-35.49348594403017,-58.88854956999613,11100.174374930019
-37.57853136755134,-60.057178189903546,11199.081450097912
-38.603762714464594,-60.499997522094446,11187.741948532688
-36.26841794281364,-60.29946544496307,13285.527709949156
-35.82030868713158,-57.89526302698843,9480.988044696223
-35.4939932463075,-58.13768198495936,10264.836516561734
-34.88719865199728,-60.93668849995014,9518.581234236848
-36.92977711808833,-61.380111935660835,10824.039270484182
-40.54601986808626,-63.363929148443404,12231.08864080616
-36.88941222407979,-57.517872448741194,9488.53598288949
-37.00593773606299,-58.49874760054442,9286.774499552752
-35.00174655618434,-60.88240409082566,9235.803887578733
-38.27830738847923,-62.79836124580593,8941.712512109054
-37.76889883179107,-60.34564511914667,11252.767886394333
-36.0087236939128,-58.429226332090316,6256.522652383901
-34.133589934040344,-61.07691719932966,10067.852552596629
-34.82044612233078,-60.02918497116325,19510.209088463354
-35.766000812079035,-59.03759291869902,10944.241830118941
-35.821120535010095,-61.758833181195754,18221.05780610016
-35.16190907226348,-57.68503329504833,11037.52751958283
-35.327073453637546,-59.810058277942105,17698.285482141222
-38.3571931280188,-62.32225587905158,10394.007433104227
-33.95907645504146,-60.78984214847613,14047.796896649632
-38.16492329856972,-61.04420362906883,12611.510401027344
-38.20146117102745,-61.70746976071339,11354.224386167212
-35.489145108230446,-63.05442805239721,10989.056866459587
-38.860926883722136,-62.9920348446974,10655.833569762368
-35.42744778376945,-57.76468720602618,8659.957636857696
-38.10545141906567,-59.23612696067933,10523.757471966457
-34.44485609649542,-61.22425521757603,9949.11747032344
-39.27568858294644,-62.98955250985051,11001.479588459162
-40.221762719408616,-62.23282905724624,10566.015223793762
-35.960634041387145,-58.23590796841063,8750.81670629579
-38.07846997011748,-62.35957507101674,10814.272063754843
-35.22343904467,-62.91120839932167,10462.463680802035
-35.30569999584944,-62.52928177445684,9328.855831122406
-36.436267707376714,-56.923916907842994,17334.516439280356
-40.398722010629996,-63.36153205238414,12168.317806736639
-36.71566197185175,-57.953693139586676,8989.434260266798
-37.3120186395614,-60.63033610720224,11538.5380423282
-36.44304114533197,-59.83509506489775,12403.036068878328
-38.494522795470274,-62.427410004103365,10050.230415329832
-37.118593740817644,-61.640416789454065,10872.99178726465
-37.94415695615345,-63.310971529349914,11312.348019353043
-34.07257705122363,-58.717220588118415,7188.209744894841
-34.77234635293199,-61.00091347847186,9793.055982242706
-36.497228554597456,-58.96803849360539,10393.128193650417
-36.25812051803372,-58.78989247483931,9871.337926129036
-34.61944546139289,-60.125759806267965,14713.51002163027
-36.44826753677192,-59.68152530497565,12173.145596491546
-36.283158499913206,-61.9371558389702,12342.846631630995
-36.591124262457214,-61.285645009410956,13088.935197968383
-38.24132292722044,-59.10216411019242,10534.543145181275
-35.41079660951224,-58.25570051300834,10326.52599962414
-35.75617110646669,-59.71592827992513,14285.1444272076
-36.43059161555318,-57.40639582523926,10780.695692349509
-36.44991270925979,-62.49963398441602,11054.053306909489
-37.49585804012812,-63.3202547681208,11359.994564017203
-36.256969513770485,-57.09608309685463,18293.749998042163
-35.4223471401385,-59.42953832712794,14373.39137874734
-38.222532679198245,-60.07341734260315,11049.101518971536
-35.802817739435035,-61.18368697134032,14603.454996972641
-39.8561163414861,-62.75408913415686,11590.40947895047
-40.10545193686548,-62.48919198671051,12917.484928756498
-36.98660779032563,-61.788509800428585,10751.322982650121
-38.001778500142095,-61.04489131543518,12537.704680739698
-38.303678220364674,-60.770990972041396,11323.643868369425
-35.6860960761105,-57.647786639943824,8830.469176516475
-37.7489809549855,-58.95068969641501,9954.984469028497
-36.14216483882808,-57.73958003038402,8883.904988702981
-34.44093666863566,-61.417509452229154,9702.724974762055
-37.24711049729186,-59.900585692600224,11304.30525920729
-38.68571993705223,-61.70286345493665,12255.456638309859
-38.75151149854966,-60.36432906786018,11101.766877164395
-38.52988947383949,-59.94080814871953,10981.57472440018
-38.09336110098771,-60.35068946101981,11179.479908860652
-38.96618582535856,-63.2293046367279,11226.149173973023
-40.25248181629363,-63.35944268433185,11942.79904628304
-35.36491288946207,-58.79693743632927,11086.42738678499
-36.76843373410115,-59.86877962343095,11843.531493850049
-36.643210410120886,-60.63894507214617,12613.489844421925
-38.62943229536229,-62.17380352137844,10617.996756754008
-36.741546112976465,-62.48620789689548,11096.802411287748
-34.46198555975663,-62.48042106084573,12000.805511960543
-37.69776934064924,-58.680059724785494,9455.027636293398
-36.908652683162735,-63.03775622664083,11183.940909932186
-36.46576592190649,-60.64014921169071,13183.415660320175
-36.75863564039778,-62.9016081858528,11104.27790374411
-36.002319198560905,-58.50268013113128,7188.047652191181
-37.34997168320681,-63.320551835571585,11378.706315253257
-37.80031414275831,-57.67270774146208,6640.497876480114
-36.439558605798666,-61.82059804929706,9834.28058232092
-38.43782998808012,-60.496341089765004,11202.49623175746
-37.93383566253253,-62.38140496805431,11179.780193726649
-37.59279884180792,-60.200243439825485,11268.722545112534
-39.71339648215718,-62.86558475776921,10338.849182051297
-36.76476109170434,-59.57204342255278,11437.562921901635
-40.15634867288957,-63.11503865566473,11929.52253998742
-36.32513360544441,-62.91395837315963,10861.907702334682
-34.64044300025419,-61.26661326522844,9840.876966811315
-36.574228764969895,-57.68131468762625,9337.656867851714
-35.62239479485655,-63.18543332239311,11014.923503354661
-35.1389987868483,-58.81810195740398,11394.380701914395
-38.49841373270617,-62.06594120100877,10982.813476031231
-35.61742374851143,-63.314936586860554,11158.570035403987
-36.12976842201355,-57.50957525500381,9008.986522773312
-37.82692051076104,-60.90848672015654,11331.726005090011
-36.57289869526384,-61.94849193707448,10588.349274625223
-37.634640156813454,-62.42135978324408,11527.409346027402
-38.428728472303085,-59.24294675678306,10810.284128520785
-37.764644886781255,-57.559789280030834,5984.3778328603685
-40.04039142494587,-62.6876487010455,8608.377580614111
-36.27841030123118,-58.09137169374048,8691.127915461177
-38.69776866240992,-61.454773579837685,12274.058041872764
-37.8130506827518,-59.36382040523095,10542.52645876609
-38.18668651790303,-59.793074081905075,10919.925447731894
-39.176681215991955,-62.262153968764125,10573.861441589142
-36.61062329288647,-59.55341555592366,11644.323177235769
-36.624870072311175,-63.31944428779872,10945.415871717567
-37.454927488602394,-62.02489403563992,11178.348934743786
-39.9283508280284,-62.50696942497189,12230.723769780287
-38.34328110239837,-63.08051868549109,10505.90830545774
-36.18279477881195,-62.91828917044043,10775.065230466458
-35.47403443910149,-63.31343817767324,11292.626618193597
-37.79857906322902,-60.62842795262425,11313.893605729032
-36.36571772372524,-58.94345016503325,10432.674534633576
-35.37332560141943,-62.038803160928154,13775.109416510455
-35.11243765390196,-61.45198797480494,10468.186403870575
-36.93596229246547,-60.03045838380392,11761.061303200182
-39.70837162232429,-62.9850713447218,11220.812368478602
-37.5171006953711,-57.88382909202642,8070.640754004663
-35.09214173128614,-61.663483107802044,12633.894753400698
-38.61634069411305,-62.87848862026174,8668.773489650797
-35.90337543162262,-62.926692863489656,10601.81334528979
-37.17434141668058,-58.91345686814557,9946.067008521202
-35.76549826546047,-63.05726565049797,10764.435845112403
-36.873083521803856,-62.20408249303185,11328.052855357048
-34.7654250328869,-63.02933668792124,12109.739900123415
-38.146631157544014,-58.69619350294498,9729.981135817445
-35.98103759475802,-62.25567850361768,12452.8869271439
-38.204018465427595,-61.83571612354988,11254.288401943099
-34.94805125295362,-62.74924359640896,11671.442351828851
-36.66220013539484,-60.79860853601882,12496.960368783995
-36.25986279151759,-57.84761439185256,8924.977205513786
-37.6246531427432,-62.2836958395169,11361.63702229462
-36.00311651667375,-62.39485648353745,11518.54007590116
-38.84543321889646,-63.10987532769751,10938.174940079327
-35.53098902202035,-61.23294361550011,11880.94019237688
-40.073135146085654,-62.241072888892866,11268.164775129037
-37.61800677236692,-57.27416695655821,6858.391173341575
-40.02996951955461,-62.98005667791064,11317.117497922809
-34.658999986653804,-61.071802288241315,12705.49632382762
-38.94809139189988,-63.34857148965555,11310.872767674024
-39.76998661280134,-62.25039749127858,10889.21300919073
-35.89889198940699,-60.61178151813296,15405.007815418821
-37.47931553124153,-58.27074901011808,8749.974405300456
-36.04501964373177,-63.05397545210636,10776.105378394102
-36.01901515327,-62.528950397836425,10471.341518565949
-38.49786094087652,-62.88022197498023,8241.42543522014
-36.99309089279515,-58.3657791383127,9113.691611035289
-39.47167347774531,-62.25597355168836,10423.908437994398
-37.01000931744129,-62.05873246369249,10975.13947101216
-38.25662213181464,-60.35358925123931,11160.383248370834
-37.05525670297057,-63.03427838972458,11309.503686340719
-33.65865829588233,-59.58593012764599,12428.416434830442
-39.571648277059325,-62.86696781484666,9982.556162983132
-38.881815120230485,-62.756110203415034,10355.771331222248
-37.31538374576374,-62.173536637544316,11202.47230955073
-38.57226466910551,-59.10592620742132,11025.686214500549
-39.428827403318266,-62.8679396107197,9879.878589243372
-38.751719635807774,-62.27953243662505,9947.178297280108
-36.62897029302955,-60.47927114416218,12604.331568805623
-37.45977675390742,-60.4852529908206,11434.169686666355
-39.32386382405307,-62.25894585883906,10388.015480499198
-36.56101940519969,-56.89141431349297,17053.208019711776
-36.35157874203222,-61.68496462306674,10598.868538722681
-37.43291179861726,-61.75335349910172,11107.032373973176
-36.31282483027241,-62.64355049585002,10867.706513192588
-39.92146085509715,-62.24697912580636,11360.237433425473
-35.88289982947816,-62.543872477029375,10038.066920318837
-39.091389911975774,-63.34962597884303,11246.371701371198
-39.62023551468022,-62.253176810776296,10570.428962594904
-36.30021681031638,-59.50469319723928,12203.19285931267
-39.72271065495622,-62.74842512553531,11133.965508853538
-39.4181439567418,-62.988695076565676,11068.323174110412
-35.38395161169633,-58.05349193757803,9797.725961995273
-37.04437977707671,-59.03786669481388,10221.050723692375
-36.576736964228374,-62.081961150984625,11090.056783773078
-37.10106061778191,-58.24114342091949,8940.462537527294
-36.806373430224546,-61.53534883322452,11643.296700354098
-37.183582778737815,-62.4611832398477,11311.780854513028
-36.91155630065494,-59.301548037909555,10799.155954932998
-38.08126816248746,-59.09853550722363,10360.604820519218
-37.072379834714226,-59.6009930654102,11125.684828451536
-37.85250884126891,-61.184517496447384,11321.568051456006
-37.23673948934668,-61.352482848880285,11111.155660029783
-34.82846416795104,-62.41879345125135,19907.97961760431
-36.58219691816284,-62.21814117695203,11308.923529504978
-39.5621086690788,-62.987547664724616,11076.25563566291
-39.96056182869612,-63.355377533922336,11758.910637751096
-37.437845287335406,-58.79827751905901,9683.922498910604
-36.91859097683871,-59.58773053999862,11266.272065460105
-36.855070057462626,-60.94361719970618,11819.926963590968
-38.31854954595356,-58.30911034787394,8727.822631680867
-35.863444038463086,-59.23703528293189,12110.241986067536
-35.86467927355507,-62.41618862636906,10851.322032037384
-37.57434963674848,-57.63926082776945,7112.254529363383
-38.2285498450732,-62.462472471521814,10218.608228922993
-39.16925113929756,-62.50768405553912,10842.886683067163
-36.43561084338265,-62.22319432590159,11552.724702242733
-38.37657198668985,-62.979028438301455,8699.21651954837
-37.609873176689845,-58.28026205548001,8694.824492707445
-38.35532804528812,-61.44556554424177,11592.509643491525
-37.120165673887186,-60.33534550506446,11705.015891308483
-38.69334158612365,-59.9445203416962,10969.823393963892
-36.70103870014927,-57.81637344790859,9106.47513343444
-34.49978678325451,-60.596784002720035,11705.18679220435
-37.743245643514896,-58.2888431572578,8656.817085469722
-35.019550056378975,-62.42969058632012,15276.491967583597
-38.81051044037768,-61.93705768325131,12140.824427449608
-36.87019547908023,-58.357009452849795,9112.805863696838
-34.34334181468072,-61.10635516909628,10232.281298379496
-34.42100554661526,-58.97234540342916,13074.465075447284
-35.116689191885506,-62.26653739124198,19741.387372404748
-37.14592563920359,-61.91215888409847,10971.982147478682
-36.14029915516453,-58.759928387981695,9390.806377696399
-38.23978967634646,-60.21359192613422,11106.151569771291
-36.11861621461814,-62.08587475606751,14069.835546150049
-37.26861531322935,-61.6282845228705,11011.35702696331
-38.05648459777436,-61.97425051777287,11130.10712749763
-37.66558905950659,-60.91089926584604,11343.725309720701
-37.1016389149269,-61.50348676930728,10897.81630222694
-38.014459690979706,-57.92219708561625,7757.020077481899
-34.636229062887374,-62.45089805622325,15059.392537893269
-36.267666918066915,-60.134546372408906,13108.35900709489
-37.35116241845171,-58.260736858555326,8815.033364253914
-37.036413439985694,-58.90122684572507,9970.166607390614
-37.1619835167941,-58.77767800732779,9710.66339439366
-35.736615390213345,-57.96183672857141,10348.596501305303
-37.534357629314265,-61.19520153188512,11273.15187184048
-37.3932055621973,-59.764533116366636,11071.023968245217
-37.88311427093568,-59.92472253458473,11014.49033557644
-36.28013220314849,-62.08407683361976,11741.432168880863
-37.50310386117817,-63.01866556331298,12320.639640094925
-37.94777207146342,-62.51422250376538,11342.882197231922
-38.30909837660985,-59.51773323534506,10812.898961470457
-34.548604933606654,-61.86059778641171,9227.188109890807
-37.99195581449139,-58.69239996268379,9577.275746807742
-39.81446139768599,-63.354021196501066,11616.738637112938
-38.47121245958659,-59.52137181874233,10870.278865059658
-38.638385212964124,-60.77810859856777,11344.340021783908
-36.27712287153825,-59.81280708288665,12760.481414899548
-34.61785329482929,-62.89075914090499,12492.946267600251
-39.581958986802164,-62.74683177500163,10977.338135482865
-36.108008760288136,-61.016413102034676,19555.89953051385
-35.278411511409075,-61.91558002927589,13798.909607507694
-38.890406271566135,-62.39459370499607,10424.884145481776
-35.657939998749136,-59.33178306039717,12797.167214267804
-34.757666588943806,-63.16730974537932,11795.893087215052
-36.39223778133736,-58.69086275057214,9463.396568387932
-35.31423446459369,-61.257188198024984,10260.294107527407
-36.999291265811095,-61.9233150724378,10864.48340598863
-37.097637615865416,-60.03897931276204,11566.6721758575
-38.48482454818463,-60.91164046573609,11420.95546080095
-35.47954581930331,-57.22250754738657,12171.420936089033
-35.28671996913826,-61.07463729492051,8866.618468725695
-37.53605711390989,-59.63007919484296,10865.972574279114
-36.10819873337177,-59.78602991575323,13196.397281233068
-36.27427308454919,-61.38769350407756,14713.298767015453
-38.28871789850695,-60.632457581942255,11267.34503819656
-36.92884451878532,-59.8813729003557,11627.077150825
-37.03530157833839,-62.4706575281574,11221.54757767567
-36.307156006846746,-61.798131586572104,10370.576631173917
-35.90427322455371,-63.31690610256087,10957.590160678521
-38.68952110716829,-63.22607941918631,11383.790572323558
-38.50090068746226,-62.660449549902694,9344.691274729976
-34.89664542302849,-63.30561697573046,11614.728544953572
-37.167122727971794,-57.00044385350908,10209.084729080087
-37.39662691582994,-58.5286034955477,9223.707392507806
-38.887612821454326,-62.637048544582036,10317.873154018096
-37.89134559249226,-61.72278420870286,11235.470772605611
-39.98171387798905,-63.23205366301354,11825.556034496027
-36.48437721369522,-60.80688441622937,13194.327750570486
-34.739969477163164,-60.67430852630652,11204.621462221272
-38.732217947377784,-60.224429788770074,11050.703298507693
-37.22513472452729,-58.250709866798346,8881.535388150505
-36.952185725327546,-61.5180249113055,10670.805325638708
-36.95744337504807,-57.15517752299403,10880.386682712293
-38.69252651487984,-61.323774467761055,12018.785063331004
-37.08301463369962,-58.10616604756348,8832.954986413983
-36.562385688049794,-61.69912902911655,9381.862724586337
-40.13086100673499,-63.235920717503475,11946.440605476484
-38.1087510320028,-62.61149026889041,10730.763006325802
-36.44963734898194,-61.710468089070375,9130.480583321516
-37.83072387048428,-62.83756430988516,14708.868178916926
-37.25474304240444,-57.7127383426435,8429.132474838045
-35.637519232061805,-62.686383091357946,9764.320674198983
-35.67677476849903,-57.76955066818215,10914.184776327715
-34.612806083991046,-63.02952942376578,12043.746072273276
-38.204737092667806,-58.05319380804647,8041.220382826704
-38.65456305368866,-60.91633482070482,11453.23705658721
-38.36699802285025,-59.93706062392056,10985.371068567343
-34.99886406222535,-62.13884708010364,16696.238849982823
-37.340434180774785,-62.59084003335693,11530.653929836244
-38.48424468468813,-62.987356155248605,9543.947830341102
-39.43898531005088,-62.747098552260695,10975.343888668884
-35.75842299686904,-58.72207167003563,9391.78114843721
-37.93085085863875,-60.34807054214096,11208.380924094614
-35.90598273386533,-59.09479420219958,11336.25586122265
-37.019386931033594,-62.195033611794464,11071.436126329101
-35.63517372316551,-62.572419704747034,9065.107174695646
-36.46872085520603,-62.90981276179228,10941.792650745956
-35.07961244639841,-62.90075331071263,11817.294984634442
-35.91027671050052,-57.32394490152224,7078.5174992846905
-35.44651776360093,-62.47010219294688,8229.878623163208
-37.56438944254557,-59.9143302725744,11108.88850608232
-39.742198456572666,-62.62839675271218,9523.774564106525
-33.44113800404814,-60.29900810746416,10245.062583951307
-37.5848287152194,-61.74252288939073,11164.38656971756
-36.177432514307185,-62.785091780040545,10732.87573998244
-34.775033552703206,-62.88909111786094,12601.247784565467
-35.89394046358197,-62.670818722072994,10221.08998108222
-36.728686014595716,-58.087428330124425,8952.727593512047
-37.69219604142791,-59.63714697729057,10829.31982676867
-36.74943521062865,-58.34899178329169,9078.200449592836
-35.72240068755327,-58.337393355239016,12786.751644819678
-34.94700653134018,-60.75808576021262,10371.142737181632
-36.180780145872625,-57.20089288086545,15381.150665401698
-38.65634935793044,-61.93948376503103,11581.157182178717
-37.19049315111232,-62.60130432216637,11394.636112313176
-35.337646505691936,-60.968303108556924,9412.15461732152
-36.44243498635584,-62.36179106689072,11395.82597715527
-36.46532678362012,-59.38453544755714,11568.912306686207
-36.53764241836111,-61.58273425759465,10541.098792797451
-35.52886143873811,-60.220609898334274,15822.33095427914
-37.051655610291824,-59.176121248524545,10468.665479028248
-36.463354989039914,-62.7734049121824,10947.331830565436
-35.05221568038312,-63.172463535116066,11602.307284453364
-34.385342170868036,-59.2799416068258,16389.444333256622
-35.18396956435885,-61.78885082386595,13274.704975391478
-35.48139936832952,-63.18342707023206,11152.828408694872
-36.9001014236755,-62.75701868403632,11202.497129812275
-35.12376523043892,-61.083296824098994,8246.701016071529
-35.70533648505008,-62.32265979246951,10729.658395708955
-34.93361395548369,-58.599072471194624,10044.452877638756
-34.41427031045108,-61.79280947252412,9761.755606302215
-36.34929740867697,-59.07639473464745,10924.919698813257
-35.39497543311627,-62.67415711540599,9073.114556813283
-36.43190866753502,-61.94815472180619,10977.971152838
-37.57359191734574,-61.6070805399124,11170.858803293922
-34.72690259514044,-61.38544794542482,9869.52050710425
-38.06101842224097,-62.90768927200126,15221.855643005663
-35.14652208968349,-62.018918608293944,14124.670187679882
-34.538391951141236,-61.342489360715376,9832.185332586843
-35.10260700376355,-57.98966500972912,9913.276202842966
-38.60301228855167,-62.99106949312416,8393.554838473789
-37.49087259971523,-59.20964333020922,10347.643130424116
-35.63251060225596,-57.894063217739,9736.35749890152
-35.064325591790386,-63.037043710831256,11686.644134655626
-38.21616893351126,-58.43603873987568,9061.321589525316
-40.106605518508246,-63.35734127794985,11834.358828069238
-35.901889202092214,-60.436249368675355,14902.115904754928
-38.78969886819876,-60.64386470122897,11235.598809796855
-36.431219595020735,-62.08449949595431,11358.702875841618
-36.548359322603275,-61.13450901695019,14896.57726314941
-36.843114491045874,-61.800647187103095,11223.041505666068
-34.45891381776252,-63.30236906924053,11327.284519713432
-37.044356628703056,-57.82881144892071,8799.141101352678
-37.658881913959036,-59.35691445425884,10528.51406695016
-37.05759306215626,-63.17718155211489,11254.409151611828
-36.90493671004058,-61.23874026611922,11113.492865691429
-37.34645617255585,-62.73361732306327,11532.434007814938
-35.94511359274239,-58.11525477311544,9204.348496436707
-35.90475378830319,-63.186258634718726,10868.32858106486
-39.594374136392894,-62.625659369375825,9890.137773754077
-37.86654474970384,-59.78380030259916,10923.08023692496
-35.13037275705932,-62.623484497453255,11107.52348290143
-36.904820315891214,-62.89710786865416,11204.215902567777
-34.45926889408918,-62.33952801693004,12042.114675123583
-38.35839315437322,-61.57508951489869,11575.142491414315
-35.17703875104199,-62.48287045856898,11295.257095313735
-38.623426607269444,-62.76535609621053,8993.847024037565
-35.53983270651773,-58.55760445229041,10381.45123572919
-36.762832757864004,-63.04077496234323,11085.867062240806
-34.97197863161384,-61.75572181196142,12340.095816717834
-38.1666719013603,-58.306396928340085,8679.343012687697
-37.87999377169127,-58.29616695444632,8640.95262503326
-35.23361517248115,-60.93563684386838,7627.9258787401495
-36.041508265752654,-57.86971777545195,9006.558863062735
-37.66090404975579,-62.85648398257587,12275.253945304223
-37.63651406969339,-60.62848431626532,11361.24094063097
-36.11143688416919,-58.879819978066756,10039.28680645336
-34.934226180059326,-61.23084166202321,9581.39362147454
-36.765251242383144,-58.73987393840532,9714.105824629238
-39.29647882001407,-62.7483043222269,10933.566892271969
-36.150144251630834,-61.743367985029835,12570.68406798743
-36.74000956397462,-58.21886226041343,8983.085603613777
-37.76064414743357,-57.90864765249485,7815.078119332245
-36.1893136166446,-59.18150560538108,11633.228049570713
-36.08432668151678,-58.32948225899004,8242.769153121864
-36.319652346500554,-62.778982777067725,10852.982306450831
-37.45206468969553,-58.13746997149599,8551.74984034581
-37.924931529616295,-59.093628930876925,10244.99658547645
-35.876099734113055,-60.99231181437568,20634.06807226004
-35.763363117124214,-63.186300440073566,10920.259325805308
-36.49154837752593,-61.461817876263055,11938.160958006489
-36.286312005840195,-62.228261991502364,11392.760751138856
-36.602150663175905,-62.63052170160391,11037.250875675369
-35.19686225764714,-63.176409964839145,10645.506719770032
-36.82754471046223,-61.66829777715502,11327.034795633384
-36.03248287001662,-57.75259847562256,8923.25676363265
-34.43103049440148,-61.925167666251646,12311.97528297289
-36.8944786054014,-62.617590229469144,11182.60874498204
-35.833006247250864,-61.474723981800366,14584.365303615408
-37.0239679798413,-57.68277570608705,8925.494182241615
-37.000502547022904,-60.7845993746808,11792.735650913073
-38.74203767250482,-62.87644348233423,10159.323467199614
-35.92121937509771,-58.677096499300696,8097.974140131897
-36.76641368834324,-59.144821715798614,10615.504446885509
-35.51602493364962,-62.68577604512853,9854.789016040988
-37.166816224628434,-62.184832224792125,11137.340864321457
-36.16876379531029,-58.09721507322977,9103.700807828462
-36.455888088867674,-59.53122002341322,11894.844406856058
-38.36993677402174,-62.56094428784125,9721.412131767007
-37.724256127878036,-58.81489372510287,9711.960995992973
-37.62183150956189,-59.080090157494695,10143.555835011774
-38.484581356591264,-58.69524892078611,10697.971352739942
-37.88577375270989,-57.91683252679279,7762.301599496216
-38.20890166244732,-62.089287433687275,10959.10256218258
-35.81840891223723,-58.1252870796046,13168.80112377318
-33.65616352748655,-60.948002804852024,12725.968350279596
-35.02193449705393,-58.097998307228586,9919.69638476827
-37.967925613931605,-63.02093771092737,11379.062702095767
-34.95719656173074,-61.0508723472682,8837.747834381244
-35.22152576839478,-60.701789091100295,11491.823747212224
-36.63781307085205,-58.72510322089075,9672.34655668169
-35.524413306866734,-62.57738297632956,8938.01293504149
-36.817698952009486,-56.8550699775878,19310.16896955723
-36.44135228189964,-60.15045677886142,12753.615902372121
-36.946570288639705,-57.96121586953694,8883.279454812733
-35.43129241762573,-58.464181442338095,10495.113514192031
-37.253415968754005,-61.49105624848799,11038.426002679444
-36.40185668731,-58.330506844177286,8648.057062252186
-37.29441947641281,-61.900701245695764,11063.510340615185
-35.433541914654924,-61.58589770357648,11609.219268180046
-36.0882624315374,-60.454490538674534,13870.997024321308
-38.86231743116123,-61.712314071775566,13201.353011401008
-36.13361671725531,-62.23704992607206,12566.891618264717
-37.81103119290876,-58.55339415227042,9208.71691287999
-35.766365704521974,-62.803653483411445,10289.349272449053
-38.890386393743725,-61.473130515383474,13324.234772241816
-35.53437797429262,-60.564833741619616,13870.721715175441
-37.064065700343576,-57.96920343062406,8779.656638942975
-37.831719887604464,-59.50320729877102,10689.438012368053
-36.37942106818329,-57.963062992298234,8884.769692290743
-38.75505733655627,-62.64294080925617,10054.995094318125
-37.87403106824782,-61.45585439790397,11290.400012494305
-38.35572054652689,-61.953098723311115,11167.872603207854
-36.36020677961035,-61.51712692402394,11864.435413248417
-37.91891333766574,-58.427351858823044,8940.03493423511
-34.67426163867739,-58.50076537456102,8342.407628004567
-36.107713461900154,-61.91508651110797,14506.04777139491
-35.036139847635084,-58.4961004694886,10104.454680835053
-35.91170113780987,-61.93514459843357,16688.113503125787
-34.77736613706779,-61.71168991905289,11204.622670438153
-36.09710525334373,-59.94892961246286,13351.558125547297
-35.41781041073888,-62.563589940667455,8050.175195052017
-36.17172460859898,-61.21946324754348,23511.22422882838
-35.71240155140372,-60.58705834192715,14595.098533163673
-37.47439039301425,-62.29831974218507,11351.582198379008
-38.25816749840289,-62.69570977069619,8770.14853402974
-36.98073387553109,-57.35626270238289,9690.559624377061
-40.155962870337014,-62.60463864687875,15885.772208440902
-37.45665345722124,-58.93437923070609,9915.179795494745
-35.833789001076696,-57.99976469915258,8832.06249438637
-38.20620550262687,-61.96291380573984,11121.04391928084
-37.96108291098787,-60.629022700231616,11285.76212456191
-35.4311463062533,-61.357054104346005,11293.090324435365
-37.75384716102408,-60.20372616138259,11201.481081136408
-37.297215681547854,-60.48454290046678,11553.934696937064
-35.3409720536972,-58.579802469959645,10582.240697785217
-33.512194775623264,-60.171841517905435,10372.553995177048
-36.90479666418591,-59.0236460702318,10264.700268492003
-37.0618259401448,-61.22383252636328,11182.017077269256
-34.75100115981893,-63.30416562322431,11587.522678184927
-36.29539496701862,-62.3690267913739,11180.065510134555
-38.62136625098569,-60.639269005920205,11258.332020135042
-36.08786613388372,-60.28328937409104,13591.782350771662
-34.91633416038907,-63.031886377170636,11979.753446571845
-34.46355285461726,-60.81520806277322,11099.649357956441
-36.87938617529545,-61.09318933401274,13336.816191107006
-37.16486328561184,-60.77942098217075,11613.330552504407
-39.02387467483807,-62.63260771252368,10545.737608912907
-38.37887730974348,-58.96708464753877,10686.381812665648
-35.735124149323354,-59.88933626785124,14727.543960305304
-37.4204336283691,-61.6172036194912,11105.523150773533
-38.127638105923694,-59.374542153518455,10652.072321697118
-37.32900939599125,-59.061635275909495,10153.046999514123
-34.78746453428274,-62.744586043687626,13437.585359189983
-37.6380239098771,-57.897448044928545,7921.598028654112
-35.65060692427735,-61.85584451366615,15255.254283384244
-37.717163626699445,-61.462719374407655,11241.666044530697
-38.519492265204505,-61.700626702887796,11760.830380261554
-37.55630610739789,-58.67204856205382,9444.021768317021
-38.40523108809981,-59.10453987347241,10769.483985612967
-36.769516193743854,-63.31985814649342,11000.31956989705
-34.602605565661946,-61.66031531060191,10072.00168102143
-39.008033115148976,-62.87224693151288,10668.753658889873
-37.49897685638811,-62.721854301476895,11638.623808543027
-36.88087313081708,-62.341022151053934,11357.539541897291
-38.182541144321874,-58.82996660977535,10090.895180029775
-36.51730298803864,-58.583364904629875,9255.6070772667
-35.003016838576144,-61.54180315411685,12088.49556362666
-37.547742834286275,-58.01603297106695,8256.139598426353
-34.55977619775392,-60.372257138418256,12589.34333021392
-36.73468007402859,-62.348641232339006,11331.753919442826
-36.63095352422977,-58.34182961055563,8998.97234602086
-36.21443460760182,-57.35319514598962,10810.76500339607
-38.213006991235474,-62.214912810699175,10769.071326660402
-39.31260498618532,-62.504970168320874,11011.16188047862
-34.60306925907734,-58.43045250521914,8543.809202363926
-37.04750896760104,-62.75052737103769,11316.850952512756
-37.60141060741534,-58.943124577462385,9922.094427128244
-34.03235603913267,-58.81474674982527,8153.828412702816
-37.52568860611217,-57.36710174860347,7073.480535753557
-34.08556059839226,-59.056695816599046,10762.760714419575
-37.46488458487198,-62.161132891725394,11249.621888745447
-34.53508393678946,-59.52403075704756,16459.789770401538
-38.509344230428646,-61.18346260745596,11630.68544151533
-38.98245518738562,-63.11024149160898,10999.945496897735
-36.955445769448076,-60.33166560472247,11922.469076242713
-35.06970641636286,-59.75568900238615,24903.35381814107
-38.42074280126279,-60.356828895812605,11145.108197946918
-40.00424684556624,-63.107614479500896,12309.059331285627
-36.15988571932751,-57.97834280643737,9109.612729041468
-35.68836907830644,-61.604428764445444,16246.109306505652
-35.68032127363518,-61.340392746326394,13161.610412924167
-36.772875907240035,-60.02006190501667,11996.603709656107
-38.49779923202675,-62.54544915151297,9535.653917497233
-36.45330346104889,-60.47489036457391,13056.318535971306
-36.18957785338356,-63.18468537956626,10860.3219449462
-36.43332436863542,-61.32548177251367,13654.565128301034
-36.50898241539063,-58.21126179258085,8825.016502378396
-38.67183110288709,-61.82190575363725,11965.450602544315
-37.547932037000535,-57.50768514750211,6982.5869575233855
-37.236518875023975,-59.75591446967921,11171.179347860409
-37.27038899663787,-60.192066399109436,11489.003761091713
-34.199877159172125,-60.76923674551175,14296.090792626326
-35.631829535276125,-62.93009498447107,10599.531358025175
-36.02781273856823,-58.72336768679397,8980.72568788169
-37.39740714559681,-57.86888234107421,8246.973036958952
-35.9103789114088,-57.42627015422245,8003.734639913189
-33.993274455346395,-60.16726872204104,12472.514665135077
-34.83081100740176,-61.30792199580446,11758.291970081487
-37.245111259364364,-58.38484733373151,9052.87839691599
-38.47010869227911,-60.773935767328055,11337.292711849737
-37.18575684223394,-59.05046821671185,10182.357471081808
-36.90975486112217,-57.67421615390987,9126.130956077639
-38.87747965675207,-61.33741717439813,12419.704539826998
-38.62623492516622,-62.650543305781625,9740.202499885841
-37.84015468496821,-61.04706634747816,12510.74237358975
-36.51327715272836,-58.70888799466593,9592.607622149182
-35.983642586645644,-61.327186540700566,17772.253802995183
-37.13359137382915,-60.48386508770863,11717.779869701391
-36.33222421736292,-59.214256877286346,11394.523577302505
-35.05629455062774,-60.99087828480276,8098.611641105461
-37.82174233016316,-63.00172284203332,16612.317673528727
-36.688804521150765,-56.868450642847336,17731.337324159384
-38.265774299870614,-59.23998781740188,10654.482352461982
-40.48680352664023,-62.633939492849876,16006.022955004184
-37.20060057248228,-61.06981015750467,12795.846164694167
-36.33603851330591,-63.31854002600134,10884.8649864175
-38.27297121801671,-60.49326416650677,11213.512153754262
-35.070972728469414,-59.99020838452302,27167.811216048958
-38.19240744699886,-61.44683467640877,11444.905456918883
-38.517834258261,-61.31674747557305,11745.957772342626
-37.28053084519205,-57.067055815137,9051.150730799509
-37.70808284752647,-58.15766258701645,8399.520810574599
-38.213916317146555,-58.965382158832384,10357.186720537182
-34.81652781269953,-60.81128666830344,10347.98769758624
-36.09653065508786,-60.81390960667824,15839.277331635467
-34.10143858077094,-60.87838801078191,11360.141710714137
-35.376746424687475,-62.79476587432413,9724.46677622149
-35.19784201433346,-61.01525795610523,7033.680911338937
-37.41782591077549,-58.66307693521568,9450.985973778646
-36.61768756505162,-63.04352301629779,11006.207351226529
-35.39888520501204,-61.14599066219329,10460.790849473242
-38.493609968310864,-62.186524210746725,10644.949209795814
-37.13389779640495,-58.508879844936196,9274.579483067784
-35.21722626712429,-61.35791713002006,10312.880276273376
-37.14851985955523,-60.632050782167255,11687.674277178312
-37.46037501820247,-57.61498711552861,7473.614882326611
-38.89057562245901,-62.516683700422824,10311.618707712201
-37.7266271344473,-57.339782971444876,6726.381237496364
-38.04583453382679,-61.71437702926814,11277.956433995047
-36.81521710668643,-60.63664880229642,12195.579998820682
-37.755842497852804,-61.99953081057865,11197.723713700638
-37.00284294602443,-57.52745290308709,9105.708586762457
-37.10821551092254,-60.18692497009234,11653.31274991059
-35.464536705847216,-61.02006953750333,11159.387516277038
-36.28716810995886,-59.65676757478649,12515.889234950395
-34.149582529068375,-61.26749058845065,9627.390832686593
-38.63417088736583,-59.52474824637648,10911.129697547805
-37.116889107211776,-57.54361825450777,8689.836175302285
-39.831975524612076,-63.23035377924037,11883.629830138907
-38.52267864582989,-61.447583027743335,11837.062954453304
-37.15698465270895,-62.048171881519416,11052.153357415531
-36.1237656070535,-59.62705362509301,12946.475038706749
-37.7980042402351,-62.54055454909927,11763.894538899513
-34.169029338651804,-60.37412572031725,13789.233801719403
-38.548767575572754,-60.08075275488439,11025.945652319078
-37.92303986655103,-62.24952631812877,11134.589422494615
-37.67959810608329,-61.05060097301893,12522.686500193693
-38.34943571945006,-61.31395939483619,11563.893995555274
-35.520680539860095,-58.34881928588316,10684.032483856883
-37.02777747015341,-62.33232559682632,11152.948473712473
-35.30899554731893,-61.68982423982571,11385.21378234727
-34.338946162789135,-60.89969726122216,11301.133518455772
-36.97113904346042,-61.65373351794836,10668.560673903428
-34.326405517688,-59.439149279143514,14012.403382630126
-36.1701169049698,-62.65145372607936,10717.864902272666
-36.18603565406201,-58.32585192032017,8632.436028558028
-38.37872748361246,-62.674320437920606,8921.76808272033
-35.03324375680928,-58.2956197523,9928.586219679864
-35.786078578425105,-59.54823760278321,13638.707074075439
-37.55027794289562,-59.771903279562345,10997.89542611385
-39.52382339258868,-63.352366426868755,11251.037979227285
-36.33518306251873,-56.993129117179414,21503.546611474416
-37.77772008194942,-58.42073501918497,8927.267191506895
-38.14766346373161,-57.92582419492562,7764.177799497331
-38.1977726865069,-61.577912221350864,11417.41273006309
-36.28773349727429,-58.554949815903015,8747.490661778222
-39.9015569935367,-62.63863686642062,13083.592111520053
-36.293145371936404,-58.44117969529162,8379.014897418358
-38.43052140947292,-58.56613499944333,9794.586754219074
-36.58913822578617,-57.82013029713984,9111.706024014446
-38.36249553265851,-62.443035047034556,10052.72148643286
-38.72930373069536,-62.99221031128127,10428.291737308728
-37.77192343917502,-59.08747215505436,10176.258236116899
-34.566669645527575,-60.946994764239264,13775.549072582495
-39.30516093707552,-62.62700485700822,10969.788728984218
-36.473209687103086,-63.04615742507532,10938.19361237933
-38.24204426192402,-63.32983361210715,13017.098448687912
-37.4455192049914,-60.340921495078476,11410.870937577567
-37.95643865957246,-58.55939746464609,9254.816439253793
-35.70061809613665,-60.75800560955362,14602.277717796258
-35.35910040122931,-62.41981194819692,10865.579583552608
-37.976030360675736,-58.17241510696361,8341.473902986992
-37.604790411008494,-57.76835810017909,7705.6574918838405
-37.17565866531066,-62.322424200280125,11224.422465806196
-34.94289433883556,-58.40098740820084,9788.52213506685
-36.684676156290294,-57.673543729327726,9340.763334310297
-36.72045662331151,-62.07627226422101,11198.898461482211
-35.083291678375815,-57.79253828957761,10042.24712795622
-35.90463417551283,-63.056090196330885,10750.873912598721
-35.05584682004655,-61.88697101204565,13157.790828296616
-38.05453528650764,-58.96195267800357,10150.419256527972
-38.32904645763055,-59.657281295469204,10874.532351531863
-37.930811950216665,-58.04383410121471,8051.03631030032
-36.48037284479027,-63.31899953945771,10906.74965199609
-38.106912915108936,-58.563854724718,9345.919839138154
-36.754234215466795,-57.343892022514744,10734.041059678719
-37.28332927510276,-60.33833670209221,11537.232477805963
-35.567933813489056,-59.669986780891584,14989.641334729184
-35.628005929342635,-58.9690759460789,11017.297094220401
-36.400145201063246,-58.56960371619161,9054.259424009051
-36.61326910451762,-62.905762022468,11019.853435032117
-33.46945238169307,-59.97183566804078,11281.328301234087
-35.13070061684428,-58.38829039256669,10124.345412337017
-34.251470773495484,-61.377832105315235,9548.22505532785
-37.74691210043897,-61.86603968977445,11194.099313589553
-36.047193617481895,-59.142198215988536,11368.353702185828
-36.59557850142383,-62.492939215456694,11067.105855449883
-35.506675214691306,-60.87879030980333,12245.020989338022
-36.123791023275466,-61.4879740517258,17494.751069088616
-36.023357132559504,-57.527748897395796,8816.504053949386
-35.63562441421365,-62.80613049833153,10258.66469859038
-35.363562504835755,-60.55215749255902,13412.433418724404
-34.82028238418144,-58.69256733687147,9945.948838582215
-35.98643168177362,-58.34283924277806,7631.586089617031
-37.28197631316317,-58.65331826070032,9467.094712738437
-36.24680270860463,-61.6074045514423,14897.43427768891
-35.11599013967822,-60.84313900675878,9202.440846167658
-37.872416750384765,-58.82142773339977,9772.035340046534
-40.57602840035259,-62.29703107534968,3891.3669767582683
-36.788518039974505,-60.32689568870791,12196.653802077135
-33.89121076690392,-60.88644414218113,12263.424504365299
-39.55077312779558,-63.10896744842051,11247.266878208844
-36.766390755733106,-63.18021358229079,11051.532264591746
-35.566810346240935,-58.01606829200793,11175.840608983171
-36.62587911807445,-59.12546576552234,10704.43420237449
-34.759839260018765,-58.90158395088624,13424.524542492913
-36.71602948775964,-61.11064192720188,13887.903036349768
-35.836222599241495,-62.28560655567201,11733.837268605592
-33.89070571023399,-59.11194170623798,10626.024973930815
-36.63590009386928,-58.46889695875744,9151.365054518004
-36.14811845547618,-62.37923803837638,11767.652310602152
-37.40680440552248,-61.480275868161925,11129.479952025817
-34.663079726572164,-61.78970550033503,10331.0228574136
-36.092798423746586,-58.42843523609102,7596.158242221065
-35.49745489229529,-57.682495614917855,7575.1160859819165
-36.292027257774755,-58.32692748220285,8330.832461995049
-38.317596664088526,-60.9086598357988,11383.602805211822
-35.4975255559733,-62.92736897038712,10762.480468473046
-37.79007542522455,-63.31796648255097,11135.994165834845
-35.14560091805987,-60.943888907095015,7511.735292277276
-34.92608241643427,-58.00924699167932,9955.771293050117
-34.26568363977699,-58.96412055260487,11262.943043079733
-37.48348142384837,-62.43703422022591,11492.318464127802
-37.48952206018959,-60.77228861067488,11411.540935936975
-36.486797004667025,-59.10291083889223,10805.782307486004
-40.54885789885038,-62.47739157884653,7792.122774988711
-36.186688152767125,-63.05143483634376,10821.896749671942
-37.81299737054531,-60.76889005502119,11327.20314030129
-37.350426675315454,-62.87849814999379,11567.225503828247
-35.19835835200503,-60.55488544909808,14158.661078751984
-37.7225296934164,-57.7827214830412,7538.156499869711
-35.54058794183013,-59.85270370483072,15919.786758785684
-39.17359763247559,-62.38523828898231,10787.972725095102
-36.50633467778894,-58.836860561380504,9981.345309850507
-39.23515131127513,-63.35058973348474,11266.619087169502
-35.18156112205595,-57.88195618991447,9856.653153192972
-36.83346874611641,-60.79100436392258,12066.19896076233
-36.96330814279233,-58.09795523438441,8902.22091275633
-36.09102878999125,-60.63005319148154,14478.385800791755
-39.13496220827389,-62.99041352141309,10918.48004157317
-35.54519372925838,-61.71544008975477,14880.722465528494
-36.77928212921546,-61.399538579581915,12162.790559612991
-35.04180805217191,-63.30745707658275,11563.013624368761
-38.18510694437004,-61.31414879047689,11443.391932809447
-36.25007678655323,-57.7244129830969,9046.615149259183
-36.690028932272185,-61.68384147221315,10855.94761724645
-37.37640892839184,-61.202777371461806,11252.361565976173
-34.62528004524502,-61.46213840575492,9915.949859183434
-34.846586498142095,-58.11749603472602,9892.851725273747
-37.73769051473687,-61.73226890474651,11203.300643167293
-36.060889885088315,-58.61867854964533,8154.255045942817
-37.7853969349168,-62.40268403629538,11447.271824834263
-33.838562581164126,-59.21367520478825,11551.695722972545
-38.45904316558234,-63.09678711183906,10580.14731981069
-38.37492922530369,-58.4374672814202,9185.305611538273
-35.52889272087426,-60.038288681822955,16311.89461926536
-37.34378033227219,-60.91926517123525,11422.387720195988
-37.43177061456774,-60.1964223778802,11362.705354330259
-34.39801017313112,-58.625421035932824,8684.073817961038
-37.70798843179759,-59.778260601835186,10949.506143002724
-38.69546272152297,-61.58109944194774,12393.560941639425
-36.63814799047323,-58.596368843958224,9381.404524764734
-35.957173738746555,-59.591351900616715,13287.493832083293
-37.705533516763076,-61.326503688238446,11266.878587536996
-36.91484591458617,-59.44362805881263,11044.166087691958
-34.59944004757807,-60.74048844180375,11076.027561097935
-33.98787609546216,-58.912877523864516,9055.793678476079
-40.261656019775124,-62.454267101542584,11028.991970595342
-35.7945214682895,-62.149004502390724,12996.03472795723
-37.65800204803439,-57.53816085436445,6490.396350440965
-38.450508495910626,-59.38196065777371,10840.246649455094
-37.840240762971234,-58.16585032992289,8357.754873770658
-40.07744390254325,-62.858359214995886,14763.533457504951
-36.03737040986274,-62.79169971008642,10583.61218544222
-37.89982018350632,-58.957002474185316,10025.399716913447
-36.748130708343744,-61.25842635941961,12786.837176930616
-37.017379436271185,-58.631996427278416,9493.489928116902
-36.7658424576454,-59.71934806950759,11656.977080014607
-36.96822866025187,-60.48301877681029,11938.276051491588
-33.58185022894954,-60.04682805246247,11531.594964002892
-38.52251422792989,-63.34280087451128,11892.064225521191
-37.05928851559683,-63.320475946076215,11168.690654905893
-38.24128427397114,-62.58212612256211,10104.69499223173
-36.1818029766911,-58.539263123599554,8390.210225845889
-35.571745731710706,-57.738728776682684,7900.479971827443
-37.39365712500094,-57.13568748133646,8137.345097615975
-34.74515302377714,-58.58879552816981,8979.988930796735
-34.28020089670403,-58.842996719324816,10190.860762909339
-34.85240706956275,-61.11878963105009,9370.98302270954
-38.51305424389264,-61.82359261460083,11568.949053603896
-35.737027304879476,-62.440802555242655,9129.898811151763
-36.666659148926044,-61.55642888063578,11264.106046951305
-38.29529880678072,-63.1956392268392,8546.94595449429
-38.805396571734825,-63.34730459506148,11423.723103079308
-39.668827707431625,-63.353172369309036,11417.22207369529
-34.09100988853102,-60.26069974363963,12674.787634742454
-38.50191646515318,-62.77187261469193,8781.53389782995
-33.72546181347443,-60.30621583480293,9534.963778762367
-37.327295420484354,-58.12651780594034,8647.934930819643
-37.98908558722816,-60.90724164375161,11335.294281249822
-33.53250890355958,-59.84340391422374,11674.287534808574
-35.892040619349174,-60.7936393713736,16693.759517927836
-35.0387672286694,-60.57720283248435,11825.28326398474
-37.208549895292784,-57.40514288306416,8511.032281561607
-38.75606605179086,-62.40303293389216,10106.71826016646
-37.7745658221184,-62.267268299919394,11294.696433466808
-39.249723826362754,-63.230287304973004,11184.150092786433
-35.648335425785234,-58.64530360732954,9860.198278160797
-38.770685141145364,-60.50415322289706,11162.078783523275
-38.116249082535326,-58.177407979859915,8344.704885483005
-34.766224200079144,-58.22487660902319,9739.990365799391
-38.02083947141852,-58.302045008387026,8649.02453668607
-36.32376082760885,-60.99362173555372,14431.88888198628
-34.45269488459088,-62.19936980298376,11551.495658811196
-34.654374507824485,-60.52684616357145,12008.378492509437
-38.033894854719804,-57.67508322634689,7452.465402985031
-37.89931426260214,-60.065854638703854,11091.478174180615
-35.03356266585391,-61.15549404210391,9070.449570633158
-37.47448685950647,-60.62913443205825,11433.544800631877
-38.55512039678694,-63.22164439497548,11554.018910644267
-35.61576029170062,-61.089988495669324,12939.926257295845
-35.87192765465906,-58.78595231674714,9181.012430248995
-39.10731014609656,-63.229896830349965,11193.105637451576
-36.03002575624056,-62.66071590405079,10498.486198563987
-37.30538531980967,-62.03685111403142,11124.555734396994
-38.35766037880239,-61.82848218833628,11358.40535163007
-33.928244782065676,-59.759912904026734,13672.123154270757
-34.46187711470331,-62.620302941393575,11869.44528646153
-35.20905029395104,-61.56802862216928,11002.568046478302
-35.59228155954586,-62.363363064264725,9543.471822392603
-33.69294232079285,-60.12049651405933,11702.368846487821
-36.14318362460526,-59.47289126479197,12592.23665530401
-37.53171373388359,-58.53775438509737,9202.216478764558
-38.35427905277659,-62.07684343584401,10937.566575642406
-36.588730973770836,-62.35539113791762,11360.25377424985
-36.42673621371716,-61.61716864459463,9362.052907121259
-37.13326624500356,-61.77641503198095,10906.132033317796
-33.34294487457733,-60.22976741158979,10492.707646098184
-33.72096811260036,-59.45694037878757,12615.507221898846
-35.120351203844265,-61.255575218676,9591.398642607248
-38.02351386750342,-61.31657373952808,11363.464687649146
-36.725936838564095,-57.13918013850393,12773.52385448683
-38.308945773168176,-58.697720839750886,10016.690407727509
-38.68250976406691,-61.18971722034971,11782.125071700151
-38.42391390307729,-63.21276200272655,11904.648810700504
-36.403340523105456,-58.44998565923511,8762.94628009071
-37.161049895578685,-57.84016705773289,8624.85766640969
-36.46524453669331,-57.69343003474585,9269.536885195885
-34.230538612730584,-60.9894763618709,10697.097023459204
-38.83685819857705,-61.82504738746899,12676.3766394414
-40.0862180777267,-62.362743334263186,11771.074688538878
-37.906352691691026,-61.98664422067745,11165.802675933717
-37.7387066946075,-60.06172702687703,11134.562954031186
-38.340903834307184,-61.18042428488734,11509.993766397185
-37.41348701925121,-57.317572631838665,7653.866352625124
-35.73539030679818,-62.003730226969935,14430.020163871939
-34.24372448813707,-61.18772068834541,9919.098993803855
-35.40944125663781,-61.816745580799186,14062.736948813172
-37.91522015014533,-60.207029182797726,11155.61973476304
-34.929782041410526,-62.89249097183847,12344.181729575443
-34.63076727226189,-62.60345530215956,14003.15426550118
-38.05125627269997,-61.8447158287989,11212.151558508758
-36.611832571909076,-60.16302302518997,12416.081959013674
-39.0171374224746,-62.75278589559477,10583.543224166315
-36.63527647399539,-58.85584598743392,10002.922823274639
-34.52841463329516,-61.536686112694866,9823.47615565732
-38.039645030315214,-61.58301443535454,11324.749966160567
-37.5614350945132,-61.4708695040001,11192.302810488141
-34.27619345204784,-58.52063337823992,9539.54885038523
-37.644829211442996,-62.56165638028085,11790.486084294824
-34.15789321620993,-59.72592571540858,15771.095584589668
-36.621484113277674,-63.18141864818328,10982.446498826195
-40.48513441221011,-63.00719930305415,12365.848896384583
-38.204851520072665,-59.93320124775312,10987.60490991859
-37.282241927164904,-61.76466623550911,11023.101888292353
-34.348464987233946,-61.49054471456952,9480.976682044977
-39.40627628835065,-63.109589598103696,11145.701274522993
-36.7038510683058,-61.81197195918748,10881.350218620451
-35.43591256664401,-62.33164767396693,10720.517556955754
-40.298836949464935,-62.56166827335106,11184.892201642951
-35.23300520630896,-58.48349902765323,10377.728144637962
-38.62646669361679,-62.533520517939756,9495.681516490336
-38.17588272960742,-61.17989507574928,11422.395803976111
-36.40166158638998,-57.23610657730271,12965.255212710827
-40.785969521638705,-63.14419963116486,14392.220481486404
-35.79930784956543,-57.41658740584234,8471.80013108787
-33.78190851159701,-59.32879750122013,12518.49087767851
-34.2848886225965,-58.62409795114172,9015.286348659709
-35.124659919711966,-60.20631488320466,19511.563456429427
-37.783836151941905,-60.48728053342094,11289.704191228053
-38.10913568923462,-60.49076612777745,11227.71351351337
-36.04680634996037,-63.18562544252333,10851.475534786428
-36.440637439423696,-59.991528312985466,12591.677423254
-36.8645742903382,-62.06826816599615,11283.815411167647
-36.27558329251973,-58.67050258577409,9275.189247445765
-37.371009935960075,-57.731540153986266,8169.818800233429
-39.96401238362772,-62.79847578237593,8463.805208597554
-36.80032308097799,-60.4816739799256,12229.895225807633
-33.98762359904609,-59.293416841562234,11796.921756165873
-36.75367774047516,-62.762765130799934,11109.488651686868
-38.167912107324305,-59.65316508525218,10843.875611488736
-39.030312095181266,-62.265724418332354,10791.374331079922
-36.686588654037266,-60.95665123950764,12172.062783481413
-38.34763796055143,-58.83115460299935,10478.0324113719
-40.6952812155051,-63.36726604056041,12671.70392990509
-33.76589985916966,-60.48032456212353,9105.479488160807
-35.80610441726154,-57.30255491429552,8905.654495216977
-39.286687602974126,-62.869065852797874,10934.611240031278
-39.92557726591885,-62.37415955991618,12153.351424895054
-36.569737381417795,-61.82034347262264,9972.22380338972
-35.91928464638544,-59.92132676928506,14212.096757404712
-38.06055052015132,-60.069710226691015,11064.840355887469
-38.26174895352104,-58.18100983902545,8357.083744552248
-37.80022454106366,-58.036556516088055,8085.417378544338
-36.0705175376791,-58.221164939843945,8870.231290790683
-35.62381853995345,-62.46493950898675,8194.096671553221
-37.196161387901114,-62.74290109946034,11459.470068950084
-33.90644636586521,-60.26195479648802,11014.163433088295
-36.165433346986205,-59.324230454239,12147.074272713002
-37.20032277825521,-62.88592613141243,11478.03762146596
-38.28815289985158,-59.378581211635215,10742.245452380674
-36.607674078220796,-59.70215241821383,11891.613101801728
-35.13776110176942,-59.53628755040715,17664.565674545862
-33.64038298344254,-60.432929439424036,9952.440885357184
-38.348285214648996,-59.79709464259556,10931.28669680851
-37.0274869399082,-58.76602823555885,9724.516392497506
-38.29650082398864,-62.88563616843355,6784.054477084526
-35.919921915316706,-57.763843093293644,9094.612502780512
-34.07823377668554,-58.605329599120665,9293.79517994166
-37.21894420198227,-61.212146829353685,11224.815166573831
-38.008030260507674,-59.64853618926335,10821.785325518671
-36.841823039050304,-57.13881922180521,12063.81145808149
-37.614917348647865,-62.14761438720105,11261.70318281013
-37.065345652892354,-59.45771996243394,10926.268918698153
-37.182885702432685,-57.979451444801505,8653.930044296407
-37.35586583244871,-59.3394605548205,10574.834004814133
-39.3792962745669,-63.35150388097475,11231.017631971827
-35.61489579096034,-58.22729845663602,11203.909467100417
-35.32261317585812,-61.46713017749728,11032.505226581221
-39.028308517905,-62.51145094735527,10541.62436384599
-40.43261423951107,-62.525120429681294,11594.193149195731
-34.98549907143159,-60.417025873749324,13203.420028332965
-36.380403661638255,-58.815141021581994,9936.55168169108
-39.7666122011779,-62.37671873077432,11030.768924735816
-35.36931720919059,-60.70536756995855,12086.946261279185
-34.454398602201536,-60.21845959360077,12727.889129760677
-34.7675866325393,-62.07394569270404,14196.951159940007
-35.527792933904244,-60.72595377531094,13116.72231660548
-36.623475406190465,-58.21427905023038,8926.544062195771
-36.160414616365124,-62.51661462784432,10942.154918001228
-38.17406290981799,-62.836144665305454,10272.402349782606
-36.50323653514381,-57.18853041956814,13240.254310440003
-34.240721664791195,-59.09356592821432,12215.424949278611
-40.23697611711201,-62.343541976543044,10948.005154718448
-34.787068103821966,-59.64766003729422,23298.826717833206
-39.31873985136419,-62.38221305338421,11052.899485546272
-38.82674335773671,-63.228235273058516,11286.04644257951
-35.89238136309173,-58.37862436357933,9894.769177362516
-34.890947083008236,-61.62845694610536,11768.718999662764
-37.635484471297445,-57.414165120903846,6517.7566683803425
-36.854914612754825,-61.93378384313736,11235.688834250448
-38.663487093203024,-63.345556759328275,11974.02734660875
-40.91597408099983,-62.572096609316205,7311.925751919013
-37.34277735904826,-59.1999523221487,10371.040505559753
-35.15415744889254,-59.068330676525974,12973.931755666092
-35.201762493579345,-58.07799667684536,9902.719434780529
-34.46014473752235,-62.89547659721684,12216.145594304777
-34.00717696274651,-59.63262629831222,14292.946411508989
-36.618709979211616,-60.320467833897695,12528.925556621332
-36.71297819663582,-61.94272625838468,11048.868108881166
-36.620306834159564,-59.26492970473066,11043.95329827809
-38.09777134626057,-63.31484724310421,14010.996455608793
-36.16458294528514,-58.646971256273105,8801.417473016596
-35.33319572979175,-57.47041998681164,15299.662704928118
-37.34590830387495,-57.58935920847691,7861.285876975382
-35.5213773304463,-57.83517286955529,8028.077909614248
-35.18639248396141,-63.30952685939565,10659.081260998822
-35.33042274300341,-63.31159261985189,11424.204173724056
-33.71068037568082,-60.59299246178122,10491.715649357795
-36.81425393724491,-57.81651242829635,9050.425423601158
-38.59349937608432,-59.24532266218473,10954.248366821075
-35.24748190140763,-62.140151663103445,14700.138925347814
-35.165939936495484,-60.39055832039902,16290.366644801357
-37.579569825486345,-58.807131274140986,9686.63618417774
-37.504685273385036,-60.91446632024796,11372.810022351701
-34.34584186316968,-61.30159545131313,9768.174701846889
-39.61428672147258,-62.37808692067249,10479.34545347604
-36.61380736569485,-58.08539324744652,8924.529754247196
-37.651158564356734,-60.77014087729419,11358.509283179239
-36.76700469290942,-59.007538816143736,10309.531775202364
-38.78437733273451,-62.04882768684827,11504.372915770404
-36.612169153547995,-57.15586528146998,13113.347172853177
-33.65182325149121,-59.922805337011155,11969.986003060832
-37.64093125676369,-59.21803373593266,10346.433833402603
-34.939122134603146,-58.20563791161124,9848.802150392175
-39.26333897323316,-63.10993946867169,11069.317973446528
-37.5788690008017,-58.14805415357236,8466.10825263074
-40.61978623613611,-62.56923804187413,9864.60615564141
-37.65788725505318,-63.01081897947619,13258.93723674802
-35.94853521154077,-58.96164776204737,10568.259477247866
-37.81299398418377,-62.68334774327708,11971.35324897498
-34.46100233155323,-62.75852863613764,12673.770079920774
-36.6324148067586,-61.42538575336539,12080.008589825846
-38.582436134724965,-63.10481546136502,10724.103938871833
-34.15302858641664,-58.83237963420305,9097.438938520938
-37.64233371323564,-63.31957891566505,11323.621424967916
-38.16603717453466,-63.163170961021876,15068.7717439629
-35.67269233440609,-60.92831428686641,14562.383632172949
-40.23571537145741,-62.78305714163222,8431.336324775295
-37.40570567554664,-59.90798910001277,11192.230990398306
-38.38236761503439,-63.33809472156033,8787.31107308785
-38.5673876806642,-60.22064870023899,11074.225957742037
-38.147360497641195,-62.99054895834469,9036.412584298314
-35.941255004810955,-57.99512995157077,8791.62207147382
-37.1863874064375,-57.22402157096829,9053.252443764934
-34.917229502800964,-60.23746504783171,15141.875631952269
-35.627254628875036,-63.05688456647284,10838.388416158474
-40.74057499542413,-63.255750306907025,13819.384673847899
-37.4185217833272,-60.05202762067912,11289.675349763635
-36.5178942072029,-58.4593046010238,9002.87056811056
-35.20879423946859,-63.04355069214882,10584.489646439046
-37.01979462979211,-60.93344039974325,11621.119760137808
-34.0613939707285,-60.54102401469573,16102.574140318957
-36.44992718209212,-57.554580708888906,9882.757930206793
-37.298727454931736,-58.788436517932396,9694.598190742741
-37.84947459758095,-59.643245985667406,10815.445903602915
-38.22067171372623,-62.91746426617475,6453.492251337647
-35.55795522389671,-61.471665563743954,12178.498918689871
-35.90019771298852,-62.79827206639807,10421.345231502994
-34.12308451802159,-58.94277581721199,9962.243289358821
-33.97229926057753,-59.97100720897972,13480.391669101005
-34.745824328801724,-61.19143760072685,12058.063700911149
-35.30414086425113,-58.16620069347104,10033.256368975906
-35.33976719707314,-63.18029488330022,11321.660075908056
-37.38086315537029,-59.62185660070966,10926.884141880955
-38.505469223134384,-61.94514979807477,11301.810865185182
-38.75034828622264,-62.760259782274595,9228.49612387322
-34.84778721644883,-59.06526074031789,18321.690300540133
-34.814636877493605,-60.4649102883063,12555.824684884254
-34.91615899764118,-61.423838813449095,11770.679672761971
-36.77694929016717,-57.5159008965152,9788.597495856864
-40.18374519422851,-62.995872661728924,9458.637717090694
-37.278741003850946,-57.85390152295262,8436.230245204148
-34.6161113724128,-59.32932115819331,23739.527885659234
-35.80460806568762,-58.446514885945845,9025.520139635968
-36.765509495322185,-59.284662513937405,10911.189793632439
-33.59566701756491,-59.714828738560925,12080.719579710521
-35.656222048549324,-62.20210423326487,11991.947243118737
-34.04617752247481,-60.41761453472357,10884.409495718102
-35.93199268555073,-57.880426582963615,8662.298581489822
-39.155602356021674,-62.7502056553543,10805.02232389277
-37.914162830631675,-62.118058286813465,11139.116017434888
-34.68947207674967,-60.875163364494355,10396.099460909509
-35.52830434058256,-62.483443497499536,7512.764026991611
-33.862154001506795,-59.544949754113766,13277.29320494755
-37.640276806399626,-58.41288527384797,8938.929423859383
-36.83042396272244,-57.95597119407124,8955.311106699646
-35.76301294768197,-62.68022478889473,9940.547251247763
-37.182371204643104,-60.92548283806614,11499.893968688784
-40.86478696436333,-62.37084336706493,9024.076122718072
-35.21091741995622,-61.16794959928403,9169.004005424105
-33.94074027013178,-60.40942897560043,7856.230497115125
-37.25835040301667,-60.046053532040894,11410.789482215998
-33.940542156560866,-59.01190107857444,9863.978596744368
-34.64544504006021,-59.8318617060461,28884.712520230332
-38.06924555163138,-62.23164823108714,10932.090575878878
-34.33807964778523,-60.67180540043399,11862.08487691677
-34.534360707446,-58.49739556354092,5321.665820290225
-36.123786586588,-57.40436037193369,9005.383173179609
-36.01479643826478,-59.28473833672597,12031.775126826778
-33.86553095632377,-60.62589851669908,12616.768096144446
-39.03043194475918,-62.38914796353504,10562.870446245328
-34.81787654573295,-62.23770682564544,18078.673432974276
-34.623943538500946,-62.74929520696806,13126.592539503217
-34.52597627352583,-58.70365727105237,10202.487107757444
-37.946169094968496,-60.48879680079642,11251.245764685427
-38.09066698847885,-57.799368892962384,7518.921800571126
-39.16328351683048,-62.62932798492497,10810.7589251881
-34.08174137050116,-59.50086581078607,14666.912557103413
-37.723447996588305,-59.91984374091534,11050.907575433404
-38.38687806964177,-62.78138354765882,8671.22217216832
-35.364859310147054,-59.61271534212447,16083.109825947095
-37.05195584467788,-62.89198804308353,11329.778761914167
-35.50547392480476,-61.94666033244122,14055.92737750732
-39.465506184671135,-62.37984664589824,11176.166948555967
-38.013314694914015,-61.181370647346384,11362.000612315505
-35.48975893188204,-59.262248418459706,13014.470313428754
-37.595294067229005,-61.87750702570082,11174.278817389075
-35.24272952112963,-57.57840500258621,10427.62259072598
-37.499971334959206,-63.16921219197818,12091.315579737904
-36.45704181318452,-62.6367590106437,10965.48284500146
-36.229872079470795,-57.47867205317462,9649.4523410443
-37.548326603464574,-61.33363661198689,11227.408347544902
-37.977522754395345,-57.556088182980346,7166.569523781945
-37.727848452034436,-61.59791186746948,11220.00503645369
-34.70466970851399,-61.58468748594855,11001.885522997909
-37.14853242396918,-58.64292115098903,9484.052121006578
-37.33299431275589,-62.450127002813105,11408.089146623308
-37.76489813093048,-62.13311463877633,11224.614127105877
-40.70086225194289,-62.482011739391496,6287.63132344864
-37.65446965795404,-62.70611975564216,11798.651910148445
-36.34476302363102,-57.57762824680724,9641.443356123938
-36.72759921492572,-62.21183217455659,11290.174726687786
-34.431389399993705,-59.691052739624276,20255.14183706573
-35.250787807870005,-62.35201418166284,13983.930042057142
-38.524569709320346,-58.82877451267244,11379.554228477024
-35.3496239097025,-60.3859403182054,15538.714574419062
-37.79320629634195,-59.22520755780432,10372.121476105145
-37.374349970812055,-58.39460560522053,9009.38137455365
-35.96596324139796,-58.5819318768003,6610.527152002684
-34.60863443582947,-63.16673006235429,11721.590453972376
-34.16184126577845,-58.4998294094014,10301.070767837942
-39.14617925009384,-62.87049160036638,10834.924719114766
-34.54932491347665,-61.14699151089747,10035.462871262564
-33.67946974138496,-60.689485169612084,9649.899673868611
-39.448949876491874,-62.625645795441315,9986.853561980897
-38.75687673686345,-62.52398628287115,9604.085376758134
-37.49191903314824,-62.57796883832427,11675.355197814692
-37.48770178234213,-57.75069979498252,7923.432770521624
-33.7693902485433,-60.0022165673398,12244.83686253262
-38.091036578487945,-62.48656411918329,10657.51263817361
-37.11805785753081,-58.37513753293067,9090.62287544471
-34.177016526011585,-58.61552604257548,8981.560304522885
-35.01339488304859,-58.94101537536786,12299.769041433041
-35.88203267678392,-58.52671611624489,7347.1203188079535
-35.559466063083754,-59.10938497363428,11926.63348239632
-36.2728578349832,-60.46716230209104,13530.636809990996
-35.760786729411606,-63.316071071996745,11043.001062071964
-34.63800461582141,-58.65792084955485,9127.092226577448
-34.3152087728004,-59.832738974856966,17852.77854968897
-38.711717593346606,-63.10846059564771,10849.313627164775
-37.60522705053107,-62.01239529612005,11204.093659694932
-35.9840558814399,-61.62883176849252,16681.533750071296
-39.75866781315415,-62.503627196445336,11878.294339656059
-40.873691766048566,-62.91918823070195,12364.706417708638
-39.6058577208714,-62.502570588506295,11299.241500192398
-37.040548561053,-61.08001142420264,13006.270073690624
-35.79785008739996,-57.53226478273367,9154.549266302072
-34.24766367579946,-59.58843010998645,16728.150730568195
-40.92891706240666,-62.68860120494626,14104.303881784042
-40.35754906529987,-62.77450014874751,10083.064661032846
-35.55447933979234,-57.39127530211511,13847.44270525756
-35.90949823368031,-60.091505938143555,14480.009602297518
-37.50596887923302,-58.40406843497673,8968.72025861495
-36.28638458788194,-58.21048999423442,8490.233409253004
-38.28518188577087,-62.962728442451414,7528.333062771792
-36.76201913664682,-58.60874734433391,9453.16971174437
-36.89521412148973,-58.75345853158854,9728.419906011632
-35.694306315366966,-58.840041331985866,10201.340271742056
-34.630388319573385,-62.294721206181165,13381.637251697315
-34.04034527485753,-59.17362380081303,12812.756090938094
-34.590957428560216,-58.95710232987911,15639.100488097985
-34.443182453693964,-62.06112043004762,10697.591885566475
-36.6310879311024,-58.98917221519484,10352.72752913744
-37.36017877424947,-61.061790151026,12658.39047366691
-36.47588831544648,-59.24172666973914,11202.270136549587
-37.94883357138645,-63.15579180740525,13263.519926866345
-37.43568723377427,-57.473041480819376,7464.063265306616
-36.39661605819879,-58.209904106430315,8677.083633908283
-33.72634296163554,-60.89888690213038,7548.007977857598
-36.535067323976364,-57.3760005551007,11009.182903010445
-35.98423817614046,-59.43461466599806,12680.467923113752
-37.424604167918815,-58.00376208700863,8380.649924703332
-37.09461325046093,-57.37717718571148,9089.898962984927
-35.34019652549001,-57.675586421983155,10791.9622591783
-37.67589614691249,-59.49665454732268,10689.309873123153
-36.88850771698415,-58.62060449555608,9486.520476605894
-37.82703227983024,-57.39696434336179,9526.663180368027
-35.766753010279544,-62.9295185373023,10559.884868663288
-36.28161047967801,-60.63831707309883,13884.297957428616
-34.71676881740254,-61.92679970694094,12374.7285067817
-34.918699932299596,-61.985923199653186,13592.44363119656
-38.523145829168215,-61.57551138074862,11854.118106926979
-37.19642870524781,-59.18883714093434,10412.51756498764
-35.93517397231623,-59.75405248189786,13811.532520548588
-35.718557069460886,-60.24119694835702,14843.738369792432
-35.40971865385354,-59.025658481622166,11966.923625107684
-38.80848561617,-60.78341196190512,11329.445733643792
-35.91138042155795,-57.53327924114444,8603.462453572587
-38.54973135668046,-58.96695668916377,11154.778078032654
-35.58151074510199,-57.645522989472994,8306.834952091824
-34.160157039299946,-61.452788561494614,9333.02651289288
-36.33301155107338,-63.18362820015614,10887.353305623206
-37.84175859674674,-57.79249723686675,7450.324939181197
-37.474292299156794,-59.07148684938092,10138.154839746707
-34.05861622610476,-61.345565026266534,11916.568883620132
-34.60998136912587,-62.142806321084315,12604.961034722697
-35.02915437003577,-58.7060763916289,10724.379886557615
-38.15249872841741,-60.907251262309686,11353.283342256784
-35.914288840884694,-57.64612036125747,8923.212798222105
-40.330781726840456,-63.00335780794041,11817.748025160909
-36.31553510305291,-59.35707633351802,11825.55272209318
-36.9447548112756,-60.18067220401072,11860.95854560376
-36.8670940935841,-57.344621014031,10282.886780538365
-34.459518450993855,-63.03155918428711,11849.661773822734
-36.51498232562834,-58.335612191831615,8861.736188358791
-38.86191245775926,-61.2000228933071,11928.530757377506
-37.50634684466899,-57.20520108372199,7404.588944980486
-36.76479767310552,-59.42709436344481,11187.481437079641
-36.36888458247153,-57.83672753381147,9004.926423920397
-34.23472412078923,-60.51695333940078,16684.808461453544
-36.939353360392985,-56.87865391022476,13730.61436511973
-38.0646989733047,-63.09342724027516,11404.693942944707
-35.25973423702389,-57.77654255151392,9808.195250282502
-36.047967329776604,-63.317539707116694,10905.173815704338
-35.268622311768674,-62.65158787866838,9895.755658008162
-35.31970553844998,-59.17599069897234,13133.090685474523
-34.39168883679121,-58.53787714015502,8237.882032059382
-38.82693431380815,-60.9227183064559,11456.405582081232
-35.71649143545879,-60.41508632420245,14700.43262463932
-37.96697475443489,-62.64910223002164,11504.70443177226
-37.91186813386179,-57.46056353312892,6324.310076831107
-37.2044836883241,-63.320604524498805,11373.41644305905
-37.39206267643043,-61.34222339807787,11179.755696627139
-34.58210498912923,-61.99828290595978,11479.75507804899
-37.989174755468355,-59.508813731769614,10712.766882969128
-36.50054838317601,-58.08545249175754,8861.794051619623
-34.4153184716373,-59.120146863959576,14886.42403651565
-38.75997035562756,-62.16087824525761,10588.966351816764
-37.32458053860838,-62.31115993609154,11296.972306594456
-35.7243343332507,-58.53896680188843,9401.417655648458
-35.011108721500605,-59.22594300293361,26539.290620576132
-36.30639711390647,-57.29356195903681,12111.126987486472
-38.04355401162033,-59.929128681362926,10995.186263642301
-40.70519675324939,-62.766959488312125,14207.524566467568
-35.82084868315061,-58.61644521615908,8482.023862855229
-40.372670259016886,-62.32394044064628,8979.645230084372
-38.06537709671566,-58.049194441031226,8042.732492015943
-38.12436729715691,-60.6303405268761,11271.969454506958
-36.05040038147279,-57.98705960238315,9018.406706793116
-40.13828604190204,-62.75703852992442,7239.135684396146
-33.40642726152134,-60.10052686390975,10725.091940459088
-39.85590974261936,-62.8584890488506,10296.483713305437
-35.5894612383768,-62.076366195394655,13258.907264818285
-33.92778691540021,-59.417546925345526,13376.266799947263
-36.747946723796716,-62.624283632803156,11104.874102863248
-40.8306089189618,-63.03213678820745,15055.098564879154
-34.43866633208924,-61.60757709638937,9582.688021400294
-37.21649073824449,-59.46977726094252,10832.023438283106
-36.92872660743918,-57.82073091363983,8945.176006818507
-40.516426538115255,-62.75825762352996,11841.655180654205
-34.804159889507105,-62.59178074018553,15113.457645770626
-36.09051775633287,-60.11485971599432,13456.202121121458
-34.974881184343566,-62.5984737237981,12475.57820750703
-38.71282581126539,-60.08448506104427,11006.90647028907
-33.99629980693793,-60.33052895212915,10180.396037658114
-38.21933573192166,-62.339559276913334,10537.590439407291
-35.536458593251936,-62.262184426454745,11172.3926253978
-34.88597082168392,-60.61851230140769,11459.880694967787
-40.8074285580343,-62.31059706885419,7811.706112981273
-34.333553223359125,-60.077438469850726,16963.30003593905
-38.491212033696954,-59.661044637205514,10903.604323786947
-40.505828813932354,-62.39210657317539,8179.123042458804
-36.88803006271822,-62.47889867140789,11149.633858419775
-36.329323628222525,-57.44226326172418,10310.22312276934
-36.18879546451964,-58.4335101414222,8369.017031981974
-35.94125880060038,-58.45904911608201,6079.561576901945
-40.350547883958086,-62.887736570102746,9166.327466257502
-34.60503992584074,-63.30312040638486,11484.863906084149
-38.58573682814705,-60.36042420290271,11127.48061622272
-38.026091082411455,-59.78868874183812,10914.918692257956
-39.45800193300537,-62.50319730831319,10245.312174765684
-40.754281643402734,-62.40044629472756,5911.27073741309
-38.062217226720755,-62.1031871324574,11035.885406670026
-35.506607567874276,-62.80369919499477,10415.076596153474
-40.2128609305357,-62.883127663625224,10338.385456815566
-34.499306135102444,-58.607323025521964,8209.163422452311
-36.47849786745223,-57.827211207792125,9072.936900472792
-38.385291005764245,-60.07707477890546,11038.191499937797
-37.6072359432478,-60.34330503156882,11318.28628032459
-35.50161362753144,-62.406476528175524,8405.664208183318
-36.13504307310638,-57.62221590873374,9069.996761117522
-37.204323486243865,-58.115868656376826,8744.987154013206
-34.85370309923218,-58.31100434358011,9650.101829296353
-38.49809132619478,-61.04827084078103,12961.294927038234
-35.5723204391944,-58.76207024662391,10418.937638473011
-37.68753813246967,-57.65939275501157,6801.134527919279
-35.34895662607261,-62.24349286698998,12921.960205853538
-34.20179354855758,-59.228829886387814,14002.269336809446
-33.8482052534023,-59.88276433472506,12949.47714450786
-34.09259863860134,-60.06695193660769,14065.436650494263
-37.97544990563938,-60.76856375411707,11313.397093249283
-37.84273258540447,-58.686918175544065,9494.492111533378
-40.67362912447608,-62.24573307552539,7249.18083334727
-36.10601127761906,-57.30077907250178,12120.601217808535
-36.07988985676031,-59.00720544783439,10702.46528586679
-35.45686039641657,-57.94181430986152,10747.981011074175
-35.684093895914565,-57.40395533696567,9338.472988974201
-37.94796642574604,-59.2312225334128,10429.771006818119
-34.174047426261396,-58.72519504081309,8409.590641655128
-38.358909993651345,-61.70261888033668,11497.12823803158
-35.234021636060575,-60.82992368355792,9573.133505286252
-38.23719240211679,-63.04893409734959,10605.454422104816
-40.63670593962139,-62.3134796027003,6029.127239394579
-38.13513106029477,-62.73132893075095,9646.605852297464
-34.14791092710716,-59.36567049317529,12594.344790928095
-34.80998171922735,-61.50544009254232,11531.57863561848
-35.700609132070696,-57.27948540610542,9053.632506918048
-33.818014008272854,-60.72922883305598,12023.634030377914
-35.45433813432156,-58.67410573922985,10604.454103727583
-40.746229632023805,-62.64335619628064,11543.136625988373
-40.39467321882812,-62.424120360099224,8609.305913449085
-36.665945208099615,-57.52185123671698,9966.10145066312
-36.64318282680711,-57.354549260465234,10983.472799885072
-37.832568909794446,-57.47508075198476,8105.532095867261
-33.835683520856676,-60.36295653113544,8773.848331773192
-36.27056075886988,-59.972238415216594,12948.251826568054
-36.88020391442083,-58.4886531716947,9277.795974206794
-34.630005923559665,-59.12895207221489,22779.362754628793
-37.52155108161561,-59.489014813004324,10713.21009045927
-36.445440422211874,-60.3116206328439,12905.794324451563
-40.82211008781834,-62.44648348129216,6130.361937280826
-34.28656860190997,-58.73033878995506,9310.703443488514
-35.32377197026893,-58.37030958996213,10325.325534987342
-36.90054211633935,-58.88768893034724,9991.693795991116
-40.691876356005785,-62.3537916529163,5653.683970038274
-35.13611673505922,-58.59579213974305,10506.03842897716
-35.55419466586966,-57.530681530597676,13470.506923145642
-33.722470994946335,-59.79825441380666,12473.728709026085
-40.60247149875636,-62.222776362596605,7274.515226726086
-40.89864740272964,-62.46409194328686,5765.866418939413
-35.43399297546566,-57.58067874443725,11957.728376714347
-40.79371520205406,-62.536789521526195,9018.16749784865
-35.35586137223172,-57.86303087078819,10260.854003122353
-33.650927801377996,-60.7804771651665,7784.420190430698
-33.62524648810296,-60.86483702202415,9241.70350183904
-40.74084623604672,-62.276368090959956,5704.1238466726445
-40.48877786109238,-62.306387610622124,8026.825889683224
-35.59158313011252,-57.25455559524935,11223.91032417995
-40.633542252975744,-62.4194388755966,7688.6145509955995
-40.58744839868385,-62.35977113616836,3733.234804725644
-35.95145450522017,-62.10636236187143,14026.073107566608
-35.22466419890638,-59.3439482141549,20051.209866273915
-36.4902715656674,-57.95761347780437,8944.978543209461
-36.911737412876846,-63.17883713344542,11139.930605585765
-34.76521536385665,-58.411254264204445,9213.101844285402
-35.31885077682402,-60.012364353131616,18803.603007511363
-34.477947301846825,-58.53048660894747,5999.399467090779
-34.694096953630876,-58.768889032072906,10954.755751825916
-34.03004840447269,-60.67486021420157,17486.76522088532
-38.84485564568984,-61.06166003660177,13710.491695467797
-37.6696865423198,-58.546100328121035,9194.39994997198
-34.476539365158224,-59.96445579529119,20505.087390517998
-36.51144260377606,-60.97323126479238,12861.929886579785
-35.36238180344766,-60.84465602866832,10686.697900895466
-35.1192934134463,-58.18737834663773,9963.658401317181
-37.07993483091812,-59.74575889062447,11300.54309112556
-34.88236444222425,-59.422903980271556,21664.135141754883
-35.081478359623205,-60.71973798070758,10574.12243440091
-36.23695771798071,-58.9144718122901,10479.15838940745
-36.15087121161635,-57.858842532866895,9050.399754139891
-36.8584922913576,-58.22495621993497,8999.565899304323
-35.53280383752279,-60.396346377816734,15013.542461013327
-37.51972349321106,-61.05547426277335,12570.874152005961
-38.67375757405044,-59.804559300226614,10940.065787772555
-36.91431458642353,-63.32021362226997,11073.329698737336
-36.329486909834515,-63.04878750294543,10877.214863952031
-34.45913131460906,-63.16710686142446,11560.508325535371
-35.3621027885701,-62.92081762631277,11069.234823377046
